Straight line graph
$Applied Mass$-(kg)	$Extension$-(mm)
#
#

   5    	0.2       0.1   0.05
  10    	0.5       0.1   0.05
  15    	0.8       0.1   0.05
  20    	1         0.1   0.05
  22.5    1.5       0.1   0.05
  25    	1.3       0.1   0.05
  27.5    1.4       0.1   0.05
  30    	1.5       0.1   0.05
  32.5    1.7       0.1   0.05
  35    	1.8       0.1   0.05
  37.5    1.9       0.1   0.05
  40    	2         0.1   0.1
  42.5    2.3       0.1   0.1
  45    	2.5       0.1   0.1
  47.5    2.8       0.1   0.1
  50    	3.2       0.1   0.1
  17.5    0         0.1   0.05
  52      0         0.1   0.1